Small 1
10
0 1 4 20 5 22 23 24 10 15
18 4 5 7 23 8 10 26 28 29

Small 2
10
0 16 19 3 4 22 7 9 10 15
16 1 17 2 4 21 23 8 9 12

Medium
100
0 512 256 1 514 515 260 261 264 523 13 526 272 17 277 535 279 540 284 542 543 31 548 550 551 553 297 814 558 560 817 564 56 825 569 828 575 323 327 844 588 77 336 338 349 609 613 357 623 367 116 372 639 127 129 130 132 392 649 396 140 141 405 149 662 153 154 675 685 174 432 182 441 704 449 707 454 198 199 203 719 464 725 472 476 221 224 480 228 489 490 235 491 751 753 756 504 763 508 255
768 769 513 520 264 269 273 275 536 798 799 545 291 292 550 554 555 300 815 48 560 562 308 564 821 572 61 830 321 577 580 324 837 327 586 842 75 332 77 337 83 342 600 603 91 604 350 606 97 610 355 612 356 872 362 881 626 630 891 129 641 900 645 134 647 649 397 654 398 402 664 667 412 418 168 427 691 695 188 193 451 452 197 453 711 200 205 208 210 729 733 479 228 497 242 248 507 508 255 767


Large 1
1000
0 6145 6153 2063 6160 2065 18 6165 2070 8220 2077 6175 32 6178 2086 8230 4137 2089 42 43 6188 44 49 6194 2100 6196 8245 55 6199 8252 6206 4158 8255 4160 6208 4167 74 6223 8276 6232 8282 4187 6235 2144 8288 2145 2149 6247 103 8299 110 8302 6254 6255 2162 115 2167 121 122 123 4221 4222 127 6273 2178 132 8325 6277 2182 8328 2190 2191 8335 6289 150 2203 4252 158 4254 4257 8356 6311 4267 172 2220 6320 8372 2229 185 188 4285 6337 2242 6338 2243 6341 200 4299 2259 8405 6358 6359 4313 4314 8410 220 8413 4319 8415 4323 4326 2281 2283 237 4336 4338 243 8437 8438 247 4343 4345 249 8447 2303 6403 6405 4357 8454 2313 6410 2326 279 2334 6431 8480 2338 6436 293 8486 294 4392 4396 6447 305 2353 8497 306 8501 2358 8503 316 6460 318 2367 2371 325 4422 8519 331 2381 4429 334 6479 6480 8529 337 8530 4437 4442 4443 6491 4445 6494 4447 6497 8546 357 8549 6501 8551 6503 2408 6505 2409 4460 364 370 8567 2425 378 8570 4476 6530 392 2441 4490 394 4495 4497 8593 8595 8597 4502 8601 2457 2464 416 4517 8613 424 2472 2474 427 2475 4524 428 2476 2482 441 4538 442 2497 6595 6599 8648 2505 6603 4556 2508 2510 463 4559 2515 467 2517 4568 2521 6620 6628 2535 6631 488 4587 492 8686 8689 6648 505 6651 2555 4606 2559 2563 4614 522 4619 2574 4627 4628 2580 2581 6679 8729 2586 6683 539 542 543 6691 4646 4647 552 556 4655 560 561 8756 8758 2615 8760 6715 8763 4668 574 2622 6718 6720 6721 4675 584 6730 4685 8783 4687 2642 8793 601 2649 4698 4701 6752 609 4705 612 2662 6760 4714 4715 4721 627 2676 2677 633 4730 6781 8831 639 4736 640 6786 6788 2693 8838 649 6797 661 2713 4761 6809 2715 672 6818 8866 674 8869 6823 679 685 8878 2735 691 4788 693 8888 698 700 8893 6845 6846 8894 2755 8900 6855 4808 4809 8905 4814 4816 4817 4818 6866 6870 726 2778 8924 2781 8926 6879 4832 2786 4834 4837 6893 6894 754 756 2806 6906 765 6913 2820 2821 2822 6919 2823 8967 776 777 8971 2831 6928 6929 788 6932 792 8986 2844 8991 4897 4900 6951 6954 2858 811 4907 4908 4909 6966 2882 2884 9029 6982 840 9034 6987 9037 6989 846 9041 6994 2901 854 7000 7003 2912 4961 867 872 2922 4970 2926 2927 2931 2932 2933 7030 2934 4983 889 7038 7041 2945 898 7043 9092 5001 2954 2957 9102 2961 9107 5013 2967 920 9114 9116 7069 5021 928 5024 9120 931 9124 934 7078 9126 7084 2995 9141 9144 7097 7101 3006 7104 961 9153 3011 7108 7110 967 3015 5065 5066 7116 974 3024 5077 989 3039 5088 3041 7141 5095 5097 5100 7148 3052 5104 7154 1013 7161 1022 5122 9229 3085 5138 3090 7192 9241 7196 5152 9248 5154 3108 7205 1063 5164 9261 5165 9262 7214 9264 7220 3124 9268 1083 1087 3136 7233 1096 5193 7244 5200 1105 7253 9301 5206 1111 1113 7258 3164 3166 3167 5220 5224 3181 5230 5236 3193 5244 7292 7296 7297 3201 1154 9350 1158 7303 1160 5259 5262 3215 9364 1175 9368 7321 3225 3227 7326 5278 5283 9384 7338 1196 9390 7344 5298 7346 7356 9405 7361 1217 1219 5315 9411 9413 1222 9415 1225 7369 7370 7371 9420 5327 3279 3282 3292 7391 1249 1250 3298 5347 9444 1252 1253 5350 5353 3308 9453 9454 1263 1267 3316 1270 3319 9464 9465 3328 1280 7425 9478 9479 3337 9481 7434 9482 3340 1293 9487 5392 7441 3345 5393 3346 5395 9492 5397 5398 1303 9495 5401 7449 9499 7453 9501 3359 5408 9509 5414 1320 9513 1321 7466 9517 3374 5424 7473 3378 9526 3386 7483 7484 1345 5449 1353 9546 7499 1356 3406 3407 3408 3411 1365 7510 9558 9562 9564 5468 1375 9567 3425 9569 1379 9571 5480 5482 3436 7537 5499 7549 3454 9599 7552 9601 3461 1414 9609 5515 5518 7566 9617 3474 7571 1430 9626 5530 7579 1437 3487 7583 7584 5536 5538 5539 5540 9641 9645 1457 3506 7603 9652 3509 1461 9658 7611 3518 1473 9665 1474 7619 1481 5580 1486 5588 7640 3544 1497 7641 5593 1498 7645 9693 5599 9697 3554 9702 1513 3563 5614 3568 1522 1524 1525 3577 5625 5626 3580 9728 3585 9730 5637 9739 9740 1549 5648 9748 7703 1561 3616 9763 7716 1578 1583 1584 9778 3637 9783 7736 7739 9789 3647 5696 1600 5697 7751 3655 5704 5705 5706 7754 9806 3665 5713 5714 7765 5719 3673 9817 7771 1628 7773 3678 9822 5728 7777 1634 3684 5733 5735 9831 9833 5741 9837 5742 9839 3703 9848 7800 5756 3708 5757 7805 3709 1662 5758 3711 7809 7811 1668 7817 3721 9867 9868 7821 7822 5778 9875 1685 3735 1690 9882 9883 5791 5792 5793 5795 1701 1702 7851 5806 5807 1712 9907 3766 7863 9912 7865 1724 9916 9917 7871 9922 7875 3781 7888 1744 3796 5845 7893 1750 5848 9944 7897 1755 5853 5855 9952 9954 9956 5860 9959 7911 7912 9961 9964 1773 9968 1777 9970 1779 1780 3829 5878 3831 9975 7927 1785 7930 5885 7934 1791 5889 1797 1798 3847 1801 3855 7955 1813 7960 7961 3865 5916 7966 7967 7969 5926 5930 3884 3889 1843 3892 3894 5942 1846 3905 8002 1865 3914 1869 1872 8024 1880 3933 1888 8032 5985 1892 5988 5991 8040 3952 8048 6001 3953 1908 3957 3959 1914 3963 8060 1917 8064 1922 6019 1924 8069 6022 3978 3979 6031 3985 8081 1939 8107 1964 4014 8114 8118 8121 4025 4026 1979 1984 6084 8137 6089 1993 6091 8140 4044 8141 6095 8147 2005 6104 8159 8166 6118 4077 4078 2032 4081 2034 8178 4086 6136 8188 6141
2048 6155 8204 6159 19 2067 6164 28 2078 8222 2080 33 6177 6178 2089 43 6189 8238 49 6194 52 2100 6197 2104 4153 8250 2108 60 8256 4160 6209 8260 6212 69 6214 6215 4169 6219 4172 81 6235 6237 4191 8290 8296 107 8301 2157 6253 6257 115 2163 8308 2164 8309 6266 122 126 4222 6270 2175 2178 133 134 4231 2185 139 141 2190 6288 8339 2195 8340 6293 6295 2201 8345 161 166 2215 8361 4265 4267 2224 4273 6323 2229 6326 182 4282 8381 4285 195 6340 2249 204 6352 2257 6353 213 4311 2264 4316 8415 8416 6369 4322 6373 4325 230 4326 8422 8424 4330 2287 4339 4343 252 2300 8446 257 8450 4355 260 8454 4359 265 2313 8458 4364 6413 6418 2323 6422 6431 8480 2339 291 2341 294 8491 2350 6447 6448 4401 8500 308 309 4409 8507 316 2364 6464 321 8515 2376 4426 330 2381 334 2383 4432 6481 338 4437 8533 6487 8538 347 6494 2398 350 6499 4451 8549 2408 4456 6505 6507 2411 6509 4461 6510 8559 4464 369 8561 8565 4469 2425 8570 379 8573 383 4482 6539 396 4503 4504 408 4505 410 2458 8603 2459 8605 8606 4512 8611 422 2471 424 2475 2478 4527 432 2483 436 8628 4536 2491 2493 454 459 2507 8651 4556 6608 2512 2516 6613 4566 475 2524 6620 2526 4575 482 4578 6628 2532 6635 2540 494 6638 8692 501 8696 4601 2554 2555 6653 511 2563 6659 2569 522 4622 4626 4629 4632 2587 2588 4636 2589 6685 546 2595 6695 552 6699 555 8748 556 560 4657 4659 2615 8767 575 8769 4673 4674 579 8772 6725 6726 582 6727 2632 8777 6730 4687 6737 2642 4694 8790 4698 603 2653 4702 4708 8806 617 619 6764 6765 623 4722 2677 4726 4732 4735 6784 4737 641 644 2692 646 6790 2694 8840 651 6796 4751 2704 657 8849 6815 6816 674 8867 6820 2725 4773 677 680 2730 689 6836 8885 8887 696 4793 6846 702 2751 703 6850 711 8904 713 8908 2765 8910 4816 6865 4818 8915 4825 8922 4830 4831 2786 4835 6883 6885 8933 741 4837 8934 4838 4840 2793 2795 6892 6903 2809 762 766 6911 767 6912 2824 777 6924 2829 8973 8974 2832 6929 6930 2835 790 6934 2839 792 6941 8990 8994 805 6951 6957 2861 4911 4912 4913 4914 4915 6967 2874 830 9035 2895 848 9040 9043 6995 6997 2902 6999 7003 7004 7006 862 9057 2913 869 2921 4970 2927 4978 884 885 2933 7032 2937 2939 4989 2942 7042 2947 901 2949 7050 2954 2955 2959 5007 912 9107 7060 9111 2968 9115 2973 7070 9119 5023 5027 9124 933 935 939 9132 942 9137 2995 5043 7092 9143 7097 3010 7108 9157 9159 3016 7114 7115 7118 975 7120 3024 977 979 9172 5077 7127 5080 3034 5083 3041 999 3049 5099 5104 5108 7157 5109 7159 5116 7164 3070 7170 1028 1037 3091 5140 5148 9247 7200 5154 9250 9251 3107 7204 5156 1066 3114 5168 7217 9268 7220 9269 9270 7224 5179 9277 3137 1093 7240 3145 7244 5196 1104 5205 1110 1115 7262 5214 1119 3170 3171 9316 3174 7275 1132 5229 5234 5239 3198 5248 3200 3201 5250 9351 7303 1160 1161 7305 7307 7310 1169 9367 7322 3227 5277 3231 1184 5280 3236 7334 9384 9385 5289 5293 7345 9395 5301 7351 7352 1211 7366 7367 9415 1225 1226 1227 7371 1229 7373 9422 9425 5329 3282 9426 7381 9430 5336 3293 3300 3301 5350 1254 1259 1261 5357 1262 3311 7409 1265 5363 9462 9463 9467 3327 3330 1283 9476 7429 1288 3337 9483 9485 1294 9486 9487 7443 7446 1302 1303 3352 9496 5401 5402 9498 3354 3355 5404 7453 3358 5408 9506 7460 9509 9510 5415 9512 5417 5422 5423 9520 3377 7473 3379 9523 7478 5430 3382 1335 9528 9530 1338 7488 7494 3401 1355 1356 7503 5459 3412 3413 9562 1373 9565 3423 3425 9571 1381 9574 3430 1383 7529 9577 5482 5483 9580 9581 5487 3441 1393 7537 7557 3463 9608 9609 3466 1420 5517 7566 5525 3478 5526 9624 7577 7579 1436 9630 7587 5540 9637 5542 7591 1448 7593 3498 5550 5554 5555 3507 7604 9654 1463 9656 1467 9661 9662 7617 3524 9668 1483 1484 1485 7632 3536 5586 5595 1499 7643 1502 7649 5603 1507 9699 5610 3563 9709 7663 5617 1521 3570 1525 3574 9719 1529 3579 5628 5629 3588 1542 3591 9739 5644 3598 9744 9745 1558 7709 9759 5667 1571 9765 3622 9766 7726 1586 9779 1587 1596 7740 3647 7745 5700 1606 3655 3656 7752 5704 9800 5705 9803 7764 5719 9817 5721 3674 7771 3679 5730 5731 5732 9832 1642 5739 7787 9835 7790 5742 3695 9839 9840 1650 5747 7795 5749 3703 9847 5756 7807 9856 3713 5761 7811 3717 1670 7814 9863 5769 3723 5773 1677 7823 3727 7826 7830 5783 9880 7833 3737 3739 9887 9889 9892 1700 5797 1701 1703 9895 5802 5805 1712 5812 9909 5815 7866 9914 5819 1723 7869 3780 9925 7878 1735 3784 9931 7887 7888 9939 7892 1750 7894 3799 5856 1761 5859 7909 5864 9960 5865 9962 1770 7914 7921 9969 1777 9970 9971 9972 9973 1782 5878 1783 9975 3835 7931 1789 1792 9984 3841 1794 5891 7943 9992 7946 5900 1805 3855 1807 5906 1813 7959 1817 3870 7966 7971 7973 3879 7976 7979 5932 5934 5937 1849 3900 5948 3905 3906 1861 3909 8017 3922 1877 3925 1880 8024 1881 5988 1896 1898 3947 5998 5999 8047 3952 1905 6004 8054 1914 8059 3967 1922 6021 8069 3974 1927 3976 6025 3978 1931 8075 3982 6032 8082 1940 8084 1945 3996 3997 8111 8115 1974 4025 8126 4031 1984 8137 4043 1997 6095 8144 2001 6098 6099 8148 2006 8152 6108 8159 4063 6113 8173 6125 8176 4085 2037 4087 8184 4088 6139 4091

Large 2
1000
0 51206 55305 67597 34828 10253 6159 34832 51216 92177 12305 6163 4116 92181 65559 4119 16408 2073 20515 51240 86059 43051 16430 47151 51248 88115 63541 32826 36923 63549 30782 6208 47170 36937 71755 57420 45133 20557 88146 6230 65622 6232 61531 20572 77918 41060 24676 34917 34918 84075 2156 79980 14448 45169 69746 28789 71804 36989 61568 28801 61570 10371 14468 69765 49287 30857 20617 34954 4234 28813 18580 67735 26774 84120 32922 61594 57503 69790 14496 63648 32929 45219 84130 28836 51366 77993 22698 16555 4270 28849 34994 59572 45236 30905 8377 45246 61631 16575 84161 78019 4291 61636 14537 20683 80074 6347 35021 12494 47316 212 84183 73943 20696 88281 28889 218 51419 71901 28894 22755 18664 43248 33009 20723 37108 2294 71928 2298 86269 14589 39167 49409 45315 6403 71941 76036 49416 84235 63755 22796 33038 49422 78094 80142 275 61718 6428 69918 63781 59685 51495 6442 22832 82231 80182 4408 80187 90429 14653 63806 72003 51523 53574 24905 10572 18764 20812 6481 74064 2390 69977 10585 26970 16732 4445 59745 63843 74082 12643 356 51558 10599 86374 41322 84330 24946 6515 29044 84343 84342 31096 41343 76160 14725 47494 67974 72070 49543 76173 49549 18830 80271 403 29076 24985 29085 61855 47526 43430 51625 78250 74157 63919 22960 90547 6581 90551 90550 2489 12731 82362 59836 49596 82366 49600 43456 76224 31170 74180 31174 12743 63947 90573 4562 68054 74207 27103 55777 90592 49633 72162 80359 45543 53736 18921 68077 59885 18926 29179 55804 55805 51713 68099 78341 47620 84485 55812 47624 21001 16905 84492 53778 27155 4627 70165 59925 64022 51736 23069 78364 45598 41502 49695 39457 55842 45606 12839 72230 27177 21034 72240 80434 43572 12854 68150 6713 86587 72251 21051 16963 33347 64069 14918 35399 88649 86605 84557 84556 57938 27218 25171 51796 86617 59994 64092 88668 39517 608 82528 27233 64099 12899 74345 57961 55917 80495 8814 10863 64115 37492 55924 86648 70264 76412 6782 21118 37509 88708 14981 88711 8838 66183 60038 84614 39560 19081 10890 35467 90769 27281 72344 82584 53914 64154 86684 33438 27295 33442 10915 33445 43685 27303 66216 10926 17072 27318 21175 39609 19131 10942 72393 88781 90830 6864 45780 8921 60123 13023 80606 49890 37603 29413 70372 2790 39654 10985 39657 15083 17131 76533 2806 86779 54014 17150 23295 21251 39683 72452 2821 15109 23301 70407 2823 54023 2824 15114 21263 51993 4892 37661 37664 39717 4901 4906 49962 35629 39729 4914 9011 56115 11060 66356 824 828 52030 23358 23359 43846 54089 842 70479 66385 41810 33618 74579 21331 11097 64347 45916 23390 862 43875 66402 64356 68453 52076 60268 80751 60274 45938 74613 25462 31607 68473 23417 70529 4995 39812 72583 2951 64391 56200 37771 91018 70541 68495 31631 13201 66450 68498 74647 33689 84893 84894 48031 43941 86951 27560 48041 17330 5043 48058 39873 54215 7111 15304 21450 82893 23502 60369 11221 50134 9175 39901 78814 78818 996 13285 11243 44015 13296 11250 50169 25594 78842 46077 74754 31753 74762 21519 23572 87063 37910 33815 46104 60440 37917 25638 7207 85032 46125 3118 7218 31795 7223 19514 64571 1088 54336 78912 64579 68681 11339 80972 7245 31824 70742 66649 48220 3165 48221 25697 52321 44132 50279 46184 74856 64617 11377 76916 54389 38006 87160 1146 15483 78973 15484 11388 38013 87164 89217 21634 76933 58507 87183 56462 68759 70806 3226 23708 52386 66725 81061 25764 66726 56488 5291 72879 83122 74930 1204 54455 76985 62648 9401 56508 19645 83135 56513 79040 42178 31939 44227 89284 11462 85192 60619 25803 23756 54476 1229 23760 60627 60628 3286 21719 54488 23773 29920 5348 38118 48358 21734 11494 62695 64743 29931 85226 7409 81139 36092 81149 34049 38145 15618 66821 85254 54536 56586 52490 13579 21772 83215 44305 3346 58647 77078 32023 7449 23833 83227 38172 27937 3362 27942 21798 91433 89384 9513 73006 81201 25904 19761 46387 9523 9528 77116 64830 64832 40260 32068 38213 77127 36169 75087 44366 27983 36176 42327 56665 60762 9562 56666 64860 36188 52573 38237 64863 68961 17761 87392 15714 44388 9574 38247 68968 36203 5483 30059 13675 77167 54641 52595 73077 21876 64885 83322 56699 3452 79228 32127 83330 73093 21893 30085 13702 36230 46471 48519 42381 23950 36240 91539 62867 19862 50582 26006 75163 3485 66974 79267 26018 64930 19877 79271 71080 13743 5551 73137 1457 32177 58805 50617 85432 91579 42427 11707 26044 26046 40383 79297 32193 46535 13769 54731 77258 81357 36306 30164 3542 87513 62936 50649 15838 83428 11750 7665 79347 65011 15859 42483 71157 58873 38394 34300 81404 19966 3585 7682 65027 28164 13829 56841 26122 79370 91658 65036 46607 30224 69136 36371 89623 42522 52763 17948 73249 71200 1570 11813 24101 40489 77352 50732 54831 32304 38456 13881 7739 48701 67135 85571 77378 46663 87625 44623 48719 65103 85585 3666 52820 9815 58975 75362 73317 1640 56938 11882 34410 91755 18029 9839 67182 15987 42612 75384 36473 63098 40573 63102 3713 91778 24199 11911 16009 20108 91793 30353 85650 26261 5781 69274 11932 11934 32415 52900 77479 48811 52912 67248 38577 91826 61108 11956 67255 52919 46775 57016 36540 91837 77501 79550 26315 5835 22226 3799 67288 44761 18142 83685 14055 50920 42729 30442 28401 5874 77562 67324 3840 12032 81664 83715 73477 48901 18182 83720 87818 12047 53010 69394 40729 24347 50975 1823 46879 50985 73512 14122 83755 36650 28459 69421 42797 36654 89903 48943 12081 36657 71477 89911 79671 51000 73528 14137 5946 83770 61252 42822 61259 48972 51023 30544 57168 83792 59222 12118 34649 48990 83806 77662 77668 48999 36713 89962 1903 75634 55156 51061 42870 59256 67452 89983 83838 6019 46981 28552 3976 14223 10127 85905 38802 53138 34708 32665 18331 1947 92067 6050 57252 90022 14249 51114 32686 57262 55216 49073 49075 47027 12213 32695 77750 51128 30650 71610 63420 90048 32707 75717 4038 14279 71622 32712 69583 26577 59346 10195 79829 65493 81878 42969 28633 6111 22495 12255 45025 59362 8166 32743 18410 67565 47086 16368 75765 55285 63477 49141 4088 22520 34810 26619 73725
90112 49154 28675 47108 18437 4103 8 38921 53257 18441 71691 63499 69645 26642 67606 92182 43032 65569 26656 4129 75808 6187 12332 6189 59440 59444 16441 81983 14407 90185 86090 30796 71757 36945 4178 67667 45140 32859 75866 32860 32863 20577 75874 14435 47203 34918 51303 12393 55402 63599 34933 49270 51319 57463 34937 45178 61563 47228 8316 65664 20612 36996 45190 30855 20619 4237 80012 28814 16527 6287 43158 10392 6296 86168 65692 10401 22691 73892 84134 24745 14506 41132 18605 22701 55471 34992 26800 32947 61620 78005 69815 47287 69818 2239 4289 51399 6344 4296 88266 35024 84177 16592 51411 78036 92372 32982 84184 28892 45276 221 22749 61663 6368 2277 63719 88294 28904 30955 35054 51440 67827 33013 84215 20735 71937 57601 20740 69895 37126 16650 49420 47372 16654 14608 78099 80153 39193 6429 28960 28961 74019 84258 292 43301 45350 2344 49450 28972 20783 35121 61745 71987 31029 45366 59704 61752 12602 22844 37182 14654 63807 61760 51522 28996 80199 2378 22859 6477 14670 8527 49490 72021 61780 59734 51545 63836 53600 2400 4452 14693 86374 35175 88429 16750 20850 84339 51572 84345 31098 70010 6524 380 90492 80252 4478 387 12684 33165 82321 78225 63891 49555 45460 72087 72086 59800 80285 63901 70044 74145 18850 10666 6571 76202 72106 86447 22958 25012 6589 84417 80320 14791 31175 20937 43466 14797 74188 10702 18894 27087 51669 68061 49628 80348 25054 478 29151 6626 25061 41452 72181 47607 18937 29179 76285 41471 64000 90629 59909 76297 49673 90636 10766 90641 84501 29205 4629 68118 2584 4634 74266 64028 53788 49694 16928 49697 51745 18978 59938 72231 84518 45608 82472 47657 55850 12843 49707 31278 82479 55854 62001 6706 55858 27192 78395 74301 45635 21060 70214 23115 74318 19023 55888 64081 35411 84564 55903 72291 43618 27234 76390 90733 21102 88686 12913 64114 8819 21109 60021 57975 64119 12920 47738 51834 6784 41604 39558 12936 51849 80523 60042 27276 47756 21135 39567 37521 74384 72336 68240 4754 68249 66203 80543 43678 84638 86688 55969 90787 17060 53924 78503 29354 64170 72364 78512 86707 82613 25270 84664 82619 700 27325 15037 39616 17090 37572 27333 27336 68297 27337 88778 10959 45776 76499 10968 33498 23261 88796 33501 33502 80607 6880 49889 27364 86756 13029 86759 88806 15079 17129 64236 39662 49903 8944 54000 2801 39668 21237 43765 90871 58109 86784 39681 76544 72451 84740 21253 86791 35590 27398 15114 15116 11024 11026 51987 51995 33565 56095 6944 60198 64300 45868 70445 11053 17199 70449 19250 60210 88885 29492 2880 9025 2887 90955 64330 54103 70491 50013 66398 23392 4969 33647 45935 39794 80754 35700 19320 64378 66426 37758 31614 15236 901 903 13193 908 68492 45966 11151 56209 11156 2970 25500 2973 80796 23456 74656 66467 54178 72610 84906 52140 70573 2989 54189 70575 23473 68530 66485 43957 52150 21430 953 64443 91066 60348 37823 9152 21443 5062 23495 56265 48077 66513 5073 72659 39893 41942 39894 60375 37852 74719 27615 64482 39906 5092 23527 33769 60401 13297 44018 11251 5113 74748 50175 37891 70660 13318 25606 31752 44042 11275 23564 1040 7185 23570 23576 37913 68636 87075 39973 31792 33846 15415 44090 85050 31809 74816 17475 68677 13383 7240 54344 87115 78925 78927 21584 48222 5220 48232 48233 7274 37997 40046 60528 1139 50291 11384 11388 54399 46208 78976 83074 19588 54406 9351 89222 11401 81039 46228 74902 25761 79008 74915 7331 52390 21671 1194 68778 50348 64689 85173 31926 46263 66745 15545 38076 87228 7358 3265 81088 21700 44232 79048 1227 56529 64726 15574 77019 83165 11491 3301 89320 56554 64747 38127 62703 9460 66807 48374 83193 23802 70908 11519 25858 25859 56582 79114 70925 85263 64782 11534 48398 42255 66834 68882 52503 85270 46366 81187 27939 25892 62759 5416 21800 60713 3372 73007 19762 83250 30004 77111 38198 85303 91447 75065 87352 3386 23867 54589 81215 60737 77123 64836 21831 32074 87370 58701 44366 38223 75088 66900 23893 7510 38230 60758 30040 9566 15713 3425 56674 21859 58724 11622 34151 21863 54634 54636 7533 36210 23924 44406 36217 54650 52604 32126 42366 56708 1413 83335 52615 38282 64907 32140 83342 13714 56723 46484 36244 26004 3477 81303 23960 69016 28057 44443 5533 30110 13730 26019 89509 9637 77227 77233 9653 83383 54712 38331 56763 79292 73150 77249 64961 91591 60871 42439 36300 54735 5583 3538 26066 13779 71122 9684 69076 13783 64983 28122 42461 32224 15842 21987 46563 19939 36324 9707 73197 73196 36334 19951 17904 36337 50673 22002 40436 1524 87542 65016 77304 40444 3582 65025 44545 73219 13826 11778 56835 62982 85511 62983 19976 52745 50698 46603 48651 38411 32270 24082 36370 13844 58900 83476 30229 91670 75299 32291 30246 65063 15912 50729 79404 77359 54832 24113 50744 3642 79418 5701 65100 56909 79436 28238 79439 73295 89683 38486 11862 81496 26201 15962 79450 67164 87646 30303 42592 52832 9826 67171 1643 7790 85616 38517 3703 59000 26235 81534 52865 77440 26243 24198 34439 11916 36497 91792 71315 65176 16024 20121 32417 71330 44708 59050 30379 32431 87729 11954 46774 42679 26298 91834 11964 85695 36543 7871 46786 75459 46787 14020 34500 79559 36552 11976 3789 69328 18131 48854 91864 3803 7901 42718 5854 40671 1760 52966 16107 48878 52977 77559 48892 5884 3837 85756 3838 65282 67330 67337 91912 91915 73484 20237 18190 57103 87825 67348 48921 53027 12068 40742 63272 22313 83755 77610 12076 91948 10031 63279 57135 44849 67382 36665 67387 75581 1853 46918 77640 12111 36688 24401 69456 61267 81746 73556 38749 53088 48994 89956 26470 18278 89961 77675 40812 73586 14197 12149 49013 14201 36731 77692 30591 51072 51073 49027 83845 51079 46987 83853 28559 6031 51093 32664 42907 36763 83871 12191 18337 42914 83874 42915 90023 28588 57262 32690 59316 1975 69560 49081 67518 69569 73667 61380 55238 28617 34763 71629 32718 57294 92113 51154 6100 83924 51160 12250 83930 49117 42974 71647 10207 90080 2017 59362 51170 32741 6118 6124 83949 4076 10221 30704 14322 12275 77813 14325 61430 55288 34808 77816 79864 63482 51196 57340


Huge
1000
0 632841 186370 2051 182279 835588 469006 311305 940035 919552 397334 634904 542746 176144 905242 329756 137240 706576 927765 299035 616489 438308 606250 280611 587810 450602 839741 952383 694328 788536 540734 602174 585779 227395 100420 352323 921673 413775 75850 430154 241743 110671 766041 196698 915538 211042 157793 165985 249962 571491 190574 639102 710774 938098 743543 751734 20606 948336 794738 217219 26753 749698 718976 147592 45198 383114 411785 98451 528542 315539 145566 651414 237729 446626 825514 532666 856254 813240 676030 331965 807095 129213 628917 919728 71879 499918 272590 567490 430285 258252 444630 428245 90324 921817 446687 665814 721111 903379 6368 518371 92393 295147 905464 751868 6396 155906 149760 401667 778508 561408 188683 803077 702721 215310 174349 856349 145683 737559 758059 96547 227616 678185 514336 504111 786726 809254 602402 788796 428340 520500 483633 317747 303411 647473 520511 444734 342332 426303 397629 958770 387384 887088 55613 502073 291140 522566 325958 254279 342337 352577 53572 176455 55622 39239 291144 375112 35151 774490 758104 749912 524637 258395 616785 112986 10588 639338 76130 741736 612716 203110 338275 174437 772450 950626 344437 719227 602488 500082 121206 399729 407935 672112 258424 371065 498042 493959 491911 342406 760207 16775 481664 258446 242060 401801 571783 491927 244117 610704 49567 41379 817583 545195 336289 917924 729504 78254 414134 719290 252338 840126 317872 577969 72122 170431 801203 475591 489927 729545 948682 283072 825800 870856 616911 397761 6600 207306 360908 391637 682459 698840 281047 276958 807382 266713 623062 836077 309735 72166 115174 371181 756194 481770 289259 244204 666106 47602 426484 362993 193014 502256 596465 225787 332284 322048 639500 256523 311821 520717 293390 631299 926212 782848 383496 735771 459287 772633 229904 147994 840215 809495 668180 588310 737813 162338 229922 408098 434722 412206 508460 399917 774694 49710 856638 55863 354866 903732 363066 668213 627272 641613 254534 16968 834116 240202 189000 305743 803393 737860 297547 62032 404052 303703 856664 182868 709206 141919 238179 617065 950895 899688 258662 334441 12909 954976 483959 967295 696953 86642 696946 793207 526963 823920 47749 955016 727692 68233 537223 789148 584348 250518 680607 459408 262813 475814 246434 942764 434850 334497 426657 168613 94888 402102 762555 273079 350898 432817 737971 443071 55993 791222 498375 668361 608970 549579 283328 426703 271048 295626 166605 107219 893662 914142 90839 287442 961239 529107 17116 318171 461528 33504 754409 178913 377581 74474 199405 930529 477951 420606 412415 316152 107263 948976 875251 756491 123648 142086 230150 752398 662284 711437 142089 516874 883458 127761 504596 355094 281361 680732 926486 207646 359192 590614 506663 308001 9000 138024 463658 80693 109365 809785 21302 254772 449342 533298 193347 154432 230209 41797 719695 392003 467776 256836 568129 553794 631619 365391 408397 115535 516936 830296 250708 54104 695121 693078 181090 365413 545642 338790 82789 285549 43882 867175 951138 602980 732006 906082 164722 328573 928630 969591 23422 666511 205702 357250 926599 271246 592770 471946 899970 498568 330644 258960 914325 328605 791444 187295 134050 375716 93093 959403 74662 723874 523180 750503 730022 265129 414646 252848 345009 388016 910267 134069 60349 904141 13252 256967 228298 783303 504777 162770 9170 74711 472017 895957 259034 7136 103392 846829 355303 697326 773102 41960 785381 726011 797695 562174 109561 510975 678898 871413 758769 502781 211967 383995 111622 809988 228362 166920 568322 56336 840733 211990 48149 588830 291859 5146 664592 783381 326692 900140 877612 693294 762924 418860 873511 666662 285747 965686 543794 883761 617525 572493 263234 580675 951362 293960 322634 648285 900184 541790 549968 730198 9310 777313 916577 210039 171131 527478 801925 828545 943262 29842 922780 234647 253079 390288 267420 486559 392350 203935 955565 54436 441517 482473 951487 212146 230577 158900 230580 662717 404671 277688 937139 881843 242882 72899 398533 632015 908485 623811 697562 525528 662744 113875 328915 572638 287955 814292 197848 337118 484572 507100 46299 623829 672981 961745 521432 9440 490724 169190 281825 967915 855275 507119 140522 15595 70892 738534 437481 742649 414965 894206 779519 507122 711932 863476 720118 613620 656650 247042 359683 216331 283917 154888 515339 697607 926976 343306 830737 722197 773416 189734 259371 732448 13612 118063 142642 847166 834878 834872 697662 898362 967990 597297 515384 714061 965957 413003 392523 419145 847171 771396 208215 435539 243029 177498 566609 838997 152920 468317 963924 845137 843089 785748 597353 701803 124259 927082 662894 587117 298349 40298 312686 7530 472425 66928 648572 238965 867706 896372 105855 669045 683402 454021 128389 460163 263553 220549 300429 249234 785810 28060 478619 871827 390560 36261 155051 912804 409004 417197 613796 13741 103852 583096 830908 302516 107957 796084 337341 619957 429498 439737 48580 259526 13768 343500 212426 769473 300494 48590 226771 210386 781784 726495 259543 357855 554451 757200 101850 419288 620010 808424 591329 964068 513516 546275 624121 916988 372212 349687 396788 935421 26102 738802 740855 265734 480770 509441 480783 861700 118289 525849 558619 966173 939546 579101 398865 56856 327197 648744 151073 20009 173615 536102 402985 751163 149043 359987 874042 575024 593457 628273 681527 67132 671284 355899 32320 501316 9796 831049 411215 577092 849474 132684 50767 7759 271958 296535 710227 951891 677461 255584 366177 704096 507498 577125 204398 857699 818787 61039 726649 122482 489076 800376 210550 284274 917114 634485 783991 747126 251516 161408 802436 835205 167567 257678 425608 335498 771716 112275 593566 376476 425629 44702 263835 962222 634536 298657 433838 730786 241322 54958 392875 495273 206515 859839 343734 36533 370355 396990 270013 341692 81594 448189 736951 730805 278215 319170 835268 267980 419533 87754 255694 503510 173776 116434 405202 587485 763603 923350 120539 706260 192221 165603 610029 710383 863976 95979 294633 949984 9966 337649 950010 87798 190201 640759 964362 114440 945927 159499 243470 372490 46865 270101 540444 327442 509712 567057 192281 333595 616234 888616 362274 526113 210735 948031 757564 163640 808759 886577 300856 859954 489272 100158 562999 415553 165706 235338 77647 112462 964417 511829 186198 128856 702292 372571 253794 391010 857957 511853 794466 595815 876412 233329 32626 329590 929658 565117 350064 755582 382834 749427 704371 528266 681864 126853 96132 862085 14217 284559 239500 692122 649113 962460 913304 892820 696208 966548 577429 438169 36773 16295 659373 458669 20397 59310 460713 341930 788414 745400 44979 761783 251846 923592 800714 868293 96208 827359 640990 917460 329689 190439 823274 169956 651246 692193 950245 167913 675815 448491 595942 767995 358391 354291 524286 282621 671728 143359 583669 372730
151555 636929 595970 292874 200717 661509 16401 421908 296989 702481 700433 452634 768022 94238 389156 313382 778280 593962 32804 157738 235562 24618 815142 817213 466998 940095 383024 43062 65592 968759 909366 170046 442424 280635 114750 364613 75843 374855 100421 587854 503872 659521 546884 282696 847937 227404 405590 522324 856152 714834 20573 24669 198749 360538 825427 905316 14446 53359 764027 471158 71795 317559 508018 759921 315514 114814 166016 938124 505999 266380 299144 260238 729220 497813 284823 376988 348316 180377 581780 962704 811154 8350 710805 278683 14495 557224 178336 202919 489633 882853 927909 164018 923834 247991 610492 405694 256187 215227 409790 405695 338111 469181 262330 729269 280763 108736 977103 129216 475333 825551 635085 170181 538820 630981 942272 403657 39121 125138 917725 714962 225496 264410 907474 334053 594156 59624 401646 305390 84202 682214 643301 342248 377066 934142 487670 923903 971004 254199 585981 428286 446718 592115 143608 92410 223484 299270 133376 975114 149775 864512 207122 411924 729360 694549 143645 448793 22817 137504 266531 319791 170290 311605 966975 854328 444730 792908 735562 315718 719181 131402 332111 764224 168268 248151 182613 899412 514395 399706 483672 90464 403810 489839 948581 958819 311659 244081 272758 510324 899448 784755 866679 629107 541043 235906 219520 180614 842122 70025 178571 211340 641414 334228 756120 444821 420242 598429 61847 649620 735636 496024 453028 272800 559520 786852 367021 625061 186796 219564 676283 414135 731583 266673 186805 756151 348601 74179 276935 559565 336323 424399 473548 365000 580037 14798 117199 410071 621019 356822 197072 63956 528861 459218 285147 766446 68071 346605 276972 74218 180718 193006 39405 434667 631290 666110 752127 619004 823803 313852 158201 803319 121340 793073 178687 522757 84485 528908 121348 471552 205321 576003 70157 401930 371208 320011 21008 510486 717342 307728 463379 502290 639505 133660 29217 82469 760365 969253 236078 803388 291380 442931 498226 614972 361020 604723 252478 51773 918064 408128 254533 920137 297548 606789 356938 821827 373335 248406 698972 768605 750173 524895 377436 619091 131673 500314 514648 735851 815726 981613 877163 963177 895594 830052 426607 453228 168559 655975 449128 862818 686693 223852 424567 862847 252535 506482 57975 918137 359033 789104 746101 959088 43647 764555 55945 842374 805510 303752 66192 301719 62105 633514 182951 426656 737964 778914 934565 51885 676538 963260 932540 565950 957107 594612 490170 928462 142018 383684 606924 535247 830155 762566 43727 352970 531160 281301 213712 969434 756435 19162 619220 303847 350950 645868 367331 875242 844512 359144 410345 262900 275188 207601 416510 705267 314110 15099 750325 318202 209660 686859 326407 822024 332544 742156 68358 336653 379661 51978 244495 600836 437000 963328 189197 187149 590618 856857 92950 387858 430878 635666 553769 803629 758562 279341 178984 721723 512821 832312 176954 750384 766775 432967 840526 160576 117571 334656 955209 875338 113481 222026 518985 793439 498512 781137 650067 910160 107361 969580 920429 244582 965480 863083 889706 371560 164719 484202 678756 334709 113520 287600 953208 25469 439163 31616 254848 170886 907 940933 56204 478091 727941 301972 979870 809885 912281 762782 873371 973721 586655 580497 869264 117660 48029 629655 856978 523175 512935 900015 359329 916393 707501 525216 420781 437162 150451 78772 494512 545714 359358 582579 601012 177091 345028 836559 603085 50118 216008 515016 631769 695259 787423 607196 793561 848855 744406 959443 259037 744405 316388 359399 678889 435173 95207 322530 74727 494561 924649 60392 689120 39921 216050 736254 340989 785394 273412 289797 871436 959497 197651 783386 15378 707614 46101 369683 678941 832532 513051 257054 773141 908333 980015 136230 521248 183339 789543 173107 390199 365623 873534 664637 558134 193597 281669 513093 109639 259151 27726 396361 238674 160851 93271 937047 44128 642158 494699 971875 582776 689274 490614 107634 429170 517247 941171 842866 314502 957581 658574 181382 781454 373891 812164 871559 232585 539779 701572 816258 525446 246931 677019 783513 300183 599196 726173 203931 689297 371876 101543 119976 847008 418985 273589 146609 263345 808116 412862 593074 607412 230589 429241 15551 416974 369871 945346 87247 679109 570584 740570 343254 515281 210139 36056 918739 93415 302307 494816 308463 537829 695546 466166 46325 464114 259317 969974 357631 249086 935152 339194 97536 912655 218374 322818 541967 840966 521484 675078 189714 300308 472340 115989 668956 771356 845078 656656 888083 384293 257312 517410 263458 851243 199982 560421 501047 800061 742718 361776 599356 724286 66870 253243 310591 798025 671042 410958 492878 804166 161097 849246 679257 128340 197983 77155 591211 669033 480612 496996 701801 642413 556388 486760 327028 681337 791935 656764 826747 957812 400764 337279 937333 884083 871820 933260 122244 767373 886155 884101 755073 15763 288145 617872 54687 775594 32165 748973 322979 933286 404910 144811 884135 185769 415147 153004 71089 345527 865716 189883 118203 568756 533942 763335 511435 937436 708057 355793 302556 132568 419292 900566 62941 951761 208348 552424 26084 273891 251371 126441 792036 865764 826849 775675 218610 511478 351735 959996 581115 259575 282096 157172 873978 261620 585202 163326 232960 269831 24069 984586 929289 286223 916992 886275 480790 247317 833046 357913 538134 126494 794156 618031 953894 701986 390700 345644 806437 667174 241203 554554 591418 142907 243263 724535 738868 181826 933455 689739 851525 30283 579140 339531 204371 380503 878169 441939 294482 40535 636496 20060 798290 261724 609901 880231 683617 341614 52843 329320 261745 759416 523890 697983 290418 421489 497278 341631 497277 390782 36478 20095 265862 841354 863883 302732 566915 906880 130706 317073 591504 401062 915119 235168 192161 403105 106150 575151 573095 83635 165552 521904 61118 933583 632522 20170 425676 263887 517835 542405 714458 779994 255696 251606 806613 616147 976592 579286 753387 650985 169698 112355 909038 956139 675577 626426 435954 241396 421630 792309 286461 292607 730869 26367 388868 753417 597771 231168 790287 526092 48903 276237 972546 956163 763675 89873 689945 526097 802581 835344 900881 333592 141085 218908 157474 462630 704296 347937 317217 685871 438048 479022 235304 458537 59184 382773 28466 419647 827185 628535 85825 339781 970573 552779 87876 737089 626523 108375 442193 862039 974702 530280 714603 190304 454498 462690 223077 649059 946019 790370 145261 257900 225136 407413 853883 448377 264059 153469 913295 710536 843656 290690 966530 38798 280470 657305 112533 405404 763792 733079 446361 706474 749487 300963 731041 116653 42927 700350 186295 753598 294846 69562 397241 532429 651214 448449 526273 720832 98253 739283 726995 608210 634837 85980 659413 165859 411626 688103 255981 352235 948193 204780 526328 526330 59383 972790 421885 397307 757749
